input_channels: 3
sequence_length: 23
num_classes: 4
filters: 128
lr: 0.0011664063753136441
weight_decay: 8.638684308903624e-06
dropout: 0.219816524378609
optimizer_choice: sgd
step_size: 7
gamma: 0.8266150727147823
