input_channels: 3
sequence_length: 23
num_classes: 4
filters: 32
lr: 0.0004436473357271905
weight_decay: 0.0003838732760150715
dropout: 0.2560040328821215
optimizer_choice: sgd
step_size: 18
gamma: 0.7077744246281651
