input_channels: 3
sequence_length: 23
num_classes: 4
filters: 64
lr: 2.3273023086420883e-05
weight_decay: 2.1586933881911892e-05
dropout: 0.4991333463441391
optimizer_choice: sgd
step_size: 18
gamma: 0.7217084714049593
