input_channels: 3
sequence_length: 23
num_classes: 4
filters: 64
lr: 0.00011928561640762618
weight_decay: 8.871298472372906e-05
dropout: 0.14925306873636665
optimizer_choice: adamw
step_size: 10
gamma: 0.5800414521331446
