input_channels: 3
sequence_length: 23
num_classes: 4
filters: 128
lr: 0.00016908310113535315
weight_decay: 1.6372238507988798e-06
dropout: 0.3259278665298398
optimizer_choice: sgd
step_size: 9
gamma: 0.510280478145581
