input_channels: 3
sequence_length: 23
num_classes: 4
filters: 64
lr: 0.0005491576228005633
weight_decay: 0.0009339788612321195
dropout: 0.37638426627033433
optimizer_choice: sgd
step_size: 12
gamma: 0.815220233408685
