input_channels: 3
sequence_length: 23
num_classes: 4
filters: 128
lr: 0.005390440101713106
weight_decay: 0.00034036621555772476
dropout: 0.3089383677624141
optimizer_choice: adamw
step_size: 6
gamma: 0.7319252597624607
