input_channels: 3
sequence_length: 23
num_classes: 4
filters: 64
lr: 0.0014358290785805748
weight_decay: 0.0004464703338301981
dropout: 0.28344377839061635
optimizer_choice: adamw
step_size: 9
gamma: 0.6364090369513367
