input_channels: 3
sequence_length: 23
num_classes: 4
filters: 32
lr: 0.00029202453586292266
weight_decay: 0.0009954267484461226
dropout: 0.20117749513319022
optimizer_choice: adamw
step_size: 10
gamma: 0.7932259664143565
