input_channels: 3
sequence_length: 23
num_classes: 4
filters: 128
lr: 0.00036040451679579186
weight_decay: 4.78697869498574e-05
dropout: 0.27852488498636335
optimizer_choice: sgd
step_size: 11
gamma: 0.7539872203987245
