input_channels: 3
sequence_length: 23
num_classes: 4
filters: 128
lr: 4.305609607151032e-05
weight_decay: 2.7286478572147253e-06
dropout: 0.36474253675506296
optimizer_choice: sgd
step_size: 7
gamma: 0.6204498118846283
