input_channels: 3
sequence_length: 23
num_classes: 4
filters: 64
lr: 0.00024947205930011423
weight_decay: 1.0306089667359266e-06
dropout: 0.10565775148985856
optimizer_choice: sgd
step_size: 14
gamma: 0.7362132275624327
