input_channels: 3
sequence_length: 23
num_classes: 4
filters: 64
lr: 0.0002828844278779232
weight_decay: 1.2310313993489458e-06
dropout: 0.10204493243844029
optimizer_choice: adamw
step_size: 14
gamma: 0.7785399224540865
