input_channels: 3
sequence_length: 23
num_classes: 4
filters: 32
lr: 0.0011030357089250077
weight_decay: 8.026073525604229e-06
dropout: 0.3740096848823327
optimizer_choice: adamw
step_size: 12
gamma: 0.5409523900078921
