input_channels: 3
sequence_length: 23
num_classes: 4
filters: 128
lr: 0.00039522475344561163
weight_decay: 5.332083691667713e-05
dropout: 0.27923013433533916
optimizer_choice: sgd
step_size: 11
gamma: 0.7767063046959849
