input_channels: 3
sequence_length: 23
num_classes: 4
filters: 64
lr: 0.00029178285929338317
weight_decay: 0.000486800071263936
dropout: 0.14633132676550356
optimizer_choice: sgd
step_size: 17
gamma: 0.7899285602142923
