input_channels: 3
sequence_length: 23
num_classes: 4
filters: 128
lr: 0.00013745372129913693
weight_decay: 9.565893620297713e-05
dropout: 0.2569724073795325
optimizer_choice: sgd
step_size: 13
gamma: 0.8299165920803413
