input_channels: 3
sequence_length: 23
num_classes: 4
filters: 128
lr: 0.008862047873200017
weight_decay: 2.514645112550125e-06
dropout: 0.12464824264696468
optimizer_choice: sgd
step_size: 7
gamma: 0.77723378887597
