input_channels: 3
sequence_length: 23
num_classes: 4
filters: 64
lr: 0.00023229304387002337
weight_decay: 0.00012342239350357297
dropout: 0.4877851118375357
optimizer_choice: adamw
step_size: 16
gamma: 0.664178966969617
