input_channels: 3
sequence_length: 23
num_classes: 4
filters: 128
lr: 0.0028361884424348708
weight_decay: 4.7432611219795706e-05
dropout: 0.3058994412752949
optimizer_choice: sgd
step_size: 9
gamma: 0.6943233321045593
